6 0.632907 0.339243 0.501962 0.254350
4 0.649983 0.148736 0.658153 0.296034
6 0.394375 0.533254 0.788750 0.374025
6 0.750344 0.472958 0.499311 0.349740
6 0.690710 0.379617 0.618580 0.339034
6 0.717450 0.637013 0.565100 0.631020
6 0.696939 0.723658 0.606122 0.539693
6 0.834091 0.807644 0.331818 0.381360
4 0.814188 0.109047 0.371624 0.218095
6 0.552490 0.506479 0.795324 0.324172
3 0.101390 0.113511 0.202779 0.226651
6 0.738238 0.790148 0.523525 0.407033
6 0.683209 0.362035 0.633583 0.561784
1 0.716028 0.498433 0.415485 0.321387