6 0.682767 0.341790 0.632305 0.264992
4 0.652139 0.148386 0.661369 0.295414
6 0.750767 0.470721 0.498466 0.350404
6 0.683480 0.420184 0.633040 0.423841
6 0.392925 0.535151 0.785850 0.371191
6 0.696691 0.635232 0.606618 0.619415
6 0.706388 0.744652 0.587225 0.495230
6 0.814494 0.801698 0.371012 0.391180
4 0.822765 0.116444 0.354470 0.232888
6 0.776460 0.642089 0.447079 0.286296
4 0.787120 0.143705 0.425760 0.286660
3 0.103581 0.112840 0.207162 0.225098
4 0.801664 0.060592 0.396034 0.120814
6 0.690127 0.462063 0.554614 0.315701
6 0.452735 0.482485 0.448028 0.229299