3 0.117891 0.775007 0.235781 0.449985
4 0.427513 0.309373 0.541607 0.618745
3 0.705081 0.622779 0.265693 0.754442
3 0.889379 0.682161 0.219835 0.635677
3 0.798063 0.646029 0.402394 0.707942
6 0.109666 0.583759 0.218793 0.832481
6 0.792907 0.334200 0.373202 0.663801
4 0.878512 0.165320 0.242976 0.330640
3 0.936181 0.496915 0.127638 0.953995
3 0.838582 0.725279 0.320835 0.549441
4 0.813318 0.253683 0.373364 0.507367
3 0.069314 0.454489 0.080889 0.197160
3 0.653520 0.619420 0.371903 0.761161
6 0.762107 0.407627 0.377067 0.635855
6 0.565388 0.809369 0.341193 0.381263
3 0.919304 0.760408 0.160486 0.479184
3 0.349614 0.764588 0.237417 0.470824
5 0.876361 0.253798 0.082375 0.114644
5 0.918040 0.199357 0.163510 0.258418
6 0.182050 0.588569 0.363492 0.822863
4 0.397217 0.855322 0.261678 0.289357
6 0.136228 0.534503 0.271165 0.930995
6 0.097024 0.676475 0.193185 0.647051
3 0.068949 0.491012 0.083207 0.279098
4 0.334041 0.843965 0.398856 0.312070
1 0.115504 0.820899 0.111098 0.251871
3 0.934678 0.667252 0.129999 0.665495
5 0.909675 0.163887 0.180203 0.327773