3 0.109644 0.775840 0.219289 0.448320
4 0.427980 0.207610 0.536147 0.415220
3 0.702572 0.617269 0.297083 0.765462
4 0.430456 0.304787 0.533749 0.609574
3 0.887797 0.681242 0.223001 0.637516
3 0.783165 0.624250 0.433143 0.751500
6 0.104459 0.617243 0.208332 0.765514
5 0.876255 0.251855 0.082878 0.117630
3 0.069600 0.443932 0.081015 0.181345
6 0.745469 0.337809 0.359580 0.663871
3 0.379845 0.768244 0.209342 0.463511
4 0.879537 0.168438 0.240926 0.336876
3 0.818525 0.716993 0.361569 0.566014
4 0.814936 0.199808 0.370127 0.399615
3 0.916007 0.764939 0.167137 0.470122
3 0.934468 0.508392 0.131063 0.983034
6 0.510626 0.804207 0.263482 0.391586
5 0.918034 0.166604 0.163645 0.333207
3 0.646278 0.623300 0.369980 0.752834
6 0.136204 0.543350 0.271122 0.913300
4 0.720396 0.413475 0.213864 0.254515
4 0.668039 0.450060 0.445248 0.650006
5 0.558586 0.726159 0.102571 0.126511
3 0.933482 0.677409 0.132430 0.645183