4 0.429157 0.301906 0.537537 0.603812
3 0.106902 0.783534 0.213805 0.432932
3 0.704630 0.610611 0.265880 0.778779
3 0.897610 0.675020 0.203610 0.649959
3 0.653782 0.616084 0.369929 0.767832
6 0.796286 0.331955 0.370000 0.656993
6 0.106680 0.590092 0.212795 0.819815
3 0.814393 0.657247 0.370103 0.685507
3 0.936342 0.496215 0.127315 0.945769
6 0.502034 0.809777 0.274418 0.380445
3 0.935603 0.654256 0.128239 0.691489
3 0.874782 0.741547 0.248424 0.516907
3 0.918015 0.764326 0.163076 0.471348
6 0.766194 0.401703 0.376925 0.622287
4 0.815911 0.293261 0.368177 0.586522
4 0.876526 0.165747 0.246949 0.331494
6 0.189225 0.587083 0.377749 0.825833
6 0.094546 0.678832 0.188209 0.642335
3 0.069079 0.490703 0.080941 0.264291
5 0.877680 0.253889 0.085740 0.116792
5 0.917034 0.173414 0.165532 0.310963
6 0.129714 0.500000 0.258060 1.000000
6 0.820378 0.328345 0.143145 0.223251
6 0.801335 0.413066 0.268736 0.644217
3 0.770902 0.575978 0.448644 0.848044
4 0.331963 0.830066 0.381758 0.339868
4 0.718023 0.413929 0.213964 0.255260