3 0.110652 0.795579 0.220171 0.408842
3 0.892615 0.750177 0.213681 0.499646
4 0.426325 0.329594 0.541496 0.659188
3 0.695612 0.590175 0.335873 0.819650
3 0.865538 0.705725 0.267734 0.588550
6 0.788233 0.353468 0.352811 0.706936
5 0.912815 0.174948 0.173973 0.327186
6 0.088383 0.600598 0.176412 0.798804
6 0.705191 0.816520 0.077454 0.211211
3 0.933674 0.493209 0.132652 0.965165
4 0.860293 0.167376 0.279415 0.334753
4 0.814817 0.219044 0.370365 0.438089
6 0.754507 0.418178 0.358409 0.692612
3 0.764957 0.565480 0.461594 0.869041
3 0.409747 0.745044 0.166262 0.509912
4 0.331138 0.865622 0.200206 0.268755
6 0.136341 0.500000 0.271238 1.000000
4 0.712713 0.416089 0.207439 0.239177
6 0.186546 0.575865 0.372000 0.848270
6 0.792414 0.330606 0.147178 0.158616
1 0.689543 0.090913 0.083404 0.181826