3 0.109331 0.798226 0.218661 0.403547
6 0.785501 0.336605 0.355440 0.673209
3 0.891042 0.637449 0.216873 0.725101
4 0.419868 0.327952 0.550963 0.655904
3 0.713252 0.590451 0.347048 0.819097
3 0.791635 0.612742 0.416410 0.774515
3 0.900395 0.738661 0.198394 0.522678
6 0.485014 0.804440 0.304140 0.391120
3 0.638129 0.612785 0.402896 0.774431
6 0.745368 0.404198 0.375334 0.685406
4 0.305115 0.835568 0.343121 0.328863
3 0.931390 0.502916 0.137220 0.988928
3 0.928863 0.651422 0.141834 0.697155
3 0.918405 0.779194 0.163190 0.441613
6 0.141808 0.500000 0.282177 1.000000
6 0.104100 0.561922 0.208201 0.876157
3 0.703098 0.612724 0.273979 0.774552
4 0.879142 0.169417 0.241717 0.338834
5 0.916190 0.167297 0.167340 0.334594
6 0.716627 0.811997 0.077511 0.177441
4 0.337600 0.867695 0.220880 0.264610
4 0.712524 0.419700 0.210424 0.249437
6 0.340205 0.845788 0.129353 0.237370
4 0.425612 0.217936 0.544515 0.435872
5 0.562396 0.731744 0.119581 0.121130
6 0.209591 0.487788 0.419182 0.975577
3 0.071908 0.804269 0.142492 0.391463