3 0.114969 0.798796 0.228778 0.402409
4 0.422690 0.337764 0.545073 0.675529
3 0.898380 0.718875 0.202162 0.562249
3 0.663185 0.601329 0.357879 0.797342
3 0.699293 0.580492 0.272031 0.839017
3 0.832323 0.678150 0.334447 0.643699
5 0.915359 0.194367 0.168960 0.285279
4 0.818484 0.205334 0.363033 0.410667
6 0.742415 0.344275 0.350287 0.688550
6 0.093322 0.578604 0.186305 0.842792
3 0.933437 0.497475 0.133126 0.994950
6 0.516777 0.835039 0.202484 0.329923
4 0.306116 0.865235 0.244842 0.269530
6 0.183657 0.490867 0.365855 0.981734
4 0.858741 0.169685 0.282518 0.339370
4 0.711108 0.416047 0.204128 0.237986
6 0.129198 0.515366 0.257066 0.969268
3 0.765922 0.560439 0.466082 0.879123
6 0.790934 0.332244 0.151985 0.162629
6 0.150911 0.776934 0.273048 0.446133