3 0.111204 0.798037 0.221386 0.403925
3 0.893107 0.673196 0.212738 0.653609
3 0.707574 0.589723 0.344261 0.820555
4 0.418959 0.341676 0.557112 0.683353
6 0.787389 0.342699 0.355050 0.685398
3 0.899293 0.775359 0.200325 0.449282
3 0.845856 0.628956 0.307291 0.742088
3 0.636970 0.611235 0.402571 0.777529
6 0.502388 0.820489 0.260994 0.359023
3 0.931794 0.502508 0.136411 0.990471
5 0.915663 0.168848 0.168352 0.337696
4 0.714264 0.417807 0.205841 0.241154
6 0.481952 0.801917 0.343604 0.396166
3 0.767406 0.560986 0.463875 0.878029
6 0.089441 0.567708 0.178588 0.864583
6 0.145578 0.500000 0.289727 1.000000
6 0.694199 0.391020 0.433010 0.744227
3 0.099250 0.727797 0.197359 0.544407
4 0.861063 0.171371 0.277874 0.342741
3 0.399628 0.744870 0.134862 0.510261