6 0.797507 0.334338 0.363227 0.668676
3 0.097759 0.807309 0.195272 0.385382
4 0.423797 0.309507 0.541733 0.619014
3 0.897367 0.646210 0.204400 0.707579
3 0.706160 0.583843 0.269172 0.832314
3 0.804528 0.623241 0.390299 0.753517
4 0.318450 0.811315 0.379908 0.377369
6 0.494201 0.807665 0.282964 0.384670
6 0.767587 0.396603 0.352936 0.662718
3 0.634821 0.610418 0.407228 0.779164
3 0.931973 0.645832 0.135593 0.708337
3 0.839260 0.701849 0.320464 0.596303
3 0.919922 0.748260 0.159395 0.503480
3 0.933556 0.482918 0.132888 0.965836
3 0.187727 0.610558 0.365648 0.778884
6 0.721843 0.814545 0.080567 0.190704
6 0.090574 0.580448 0.180691 0.839105
4 0.713069 0.415509 0.208982 0.248658
4 0.427433 0.194771 0.537125 0.389541
4 0.875170 0.168750 0.249661 0.337500
5 0.916949 0.166142 0.165738 0.332284
6 0.121681 0.558565 0.242075 0.882870
6 0.686946 0.402094 0.448780 0.636664
6 0.150892 0.500000 0.300322 1.000000
6 0.800876 0.318505 0.147403 0.223055
6 0.826015 0.353179 0.149112 0.228099
3 0.423283 0.752448 0.112598 0.495103