3 0.122693 0.798522 0.244194 0.402956
3 0.897852 0.653435 0.203324 0.693131
4 0.424216 0.333140 0.544196 0.666280
3 0.668830 0.605458 0.343277 0.789084
3 0.903180 0.772428 0.192616 0.455143
5 0.915415 0.219604 0.168820 0.219696
6 0.123906 0.527934 0.246393 0.944133
4 0.817856 0.176005 0.364289 0.352011
6 0.742190 0.342496 0.347272 0.684992
4 0.868734 0.166821 0.262532 0.333643
5 0.910241 0.164512 0.179071 0.329024
6 0.174190 0.489602 0.346966 0.979203
6 0.502678 0.870043 0.129864 0.241997
3 0.948618 0.554535 0.102494 0.890929
3 0.933274 0.501314 0.133453 0.997373
3 0.398852 0.778601 0.167049 0.442797
3 0.744497 0.605926 0.413390 0.788147
3 0.423687 0.739636 0.251554 0.520727