3 0.096571 0.790221 0.193142 0.419558
4 0.428251 0.294796 0.535024 0.589592
3 0.898790 0.672372 0.201353 0.655255
6 0.797017 0.337124 0.362908 0.674248
4 0.325226 0.823903 0.385989 0.352194
3 0.705076 0.583789 0.266595 0.832422
3 0.818875 0.661545 0.361061 0.676910
3 0.933037 0.656156 0.133415 0.687688
3 0.657912 0.606857 0.359756 0.786287
3 0.918467 0.758518 0.162214 0.482964
3 0.871770 0.740467 0.254974 0.519065
6 0.503766 0.819467 0.239734 0.361065
6 0.093625 0.611542 0.186672 0.776915
3 0.935402 0.484402 0.129196 0.953220
6 0.774245 0.411879 0.348194 0.668417
4 0.876316 0.167662 0.247367 0.335324
5 0.919491 0.166481 0.160591 0.327230
6 0.125681 0.556814 0.250003 0.886372
4 0.713538 0.414910 0.209419 0.250018
6 0.177974 0.492934 0.354503 0.985868
5 0.877088 0.254541 0.084382 0.116377
4 0.812562 0.293355 0.374876 0.586709
3 0.067929 0.481210 0.079912 0.243591