3 0.109959 0.799221 0.218632 0.401557
3 0.901999 0.664749 0.195082 0.670502
4 0.419919 0.328354 0.543557 0.656708
3 0.905676 0.782235 0.187586 0.435530
3 0.649095 0.602803 0.392427 0.794394
3 0.677466 0.576176 0.318460 0.847648
6 0.108395 0.579058 0.216790 0.841884
6 0.741096 0.341463 0.358881 0.682926
5 0.911052 0.172962 0.177507 0.312400
4 0.816477 0.179864 0.367046 0.359727
3 0.415798 0.688382 0.278415 0.623236
4 0.880033 0.166173 0.239804 0.332347
3 0.948375 0.547223 0.103058 0.905555
3 0.932572 0.502740 0.134857 0.994520
6 0.134148 0.500000 0.266884 1.000000
3 0.761871 0.555378 0.476258 0.889245
6 0.160112 0.595294 0.319946 0.809412
6 0.189234 0.500000 0.378469 1.000000
3 0.441176 0.651893 0.361802 0.696215
6 0.227070 0.795058 0.299637 0.409884