3 0.104612 0.574482 0.208297 0.851036
6 0.727393 0.866070 0.198662 0.267860
6 0.290905 0.556147 0.437282 0.887706
6 0.763991 0.355574 0.372479 0.711148
6 0.715059 0.295550 0.327248 0.591100
3 0.095098 0.745310 0.189714 0.509379
6 0.748624 0.861251 0.276632 0.277498
4 0.586290 0.366091 0.186413 0.276886
3 0.825514 0.500000 0.348660 1.000000
3 0.148839 0.563356 0.297678 0.873287
6 0.183885 0.557917 0.367769 0.884166
1 0.541798 0.377091 0.094268 0.294432
3 0.539991 0.593679 0.489150 0.812643
4 0.620982 0.361851 0.212109 0.268964
6 0.828524 0.657719 0.341306 0.684562
3 0.694251 0.741324 0.258361 0.517353
1 0.222584 0.315738 0.445168 0.631475
6 0.763538 0.895649 0.237067 0.208702
6 0.672850 0.960181 0.113520 0.079638