3 0.123690 0.576546 0.246674 0.846908
6 0.746025 0.858974 0.272355 0.282051
6 0.239287 0.552240 0.478574 0.895519
6 0.731617 0.865592 0.196442 0.268817
6 0.687686 0.266333 0.340341 0.532665
6 0.771883 0.356754 0.370530 0.713508
4 0.585625 0.364075 0.185737 0.273942
3 0.811405 0.457887 0.376667 0.915775
1 0.541271 0.376185 0.095575 0.297466
6 0.175673 0.562776 0.350918 0.874448
6 0.829746 0.661107 0.338734 0.677786
3 0.099036 0.742883 0.197801 0.514234
0 0.272120 0.633699 0.397660 0.732603
3 0.557117 0.630801 0.475733 0.738398
1 0.222727 0.311278 0.445454 0.622556
3 0.161638 0.628322 0.112725 0.292390
6 0.880670 0.710291 0.238660 0.579418
6 0.271024 0.485838 0.379718 0.795648
3 0.691768 0.741644 0.267624 0.516711
6 0.763940 0.892978 0.241703 0.214044
6 0.672655 0.961343 0.113311 0.077314