3 0.121207 0.563428 0.241621 0.873144
6 0.732465 0.867492 0.194077 0.265017
6 0.685803 0.270500 0.333126 0.541000
6 0.765844 0.350184 0.370390 0.700368
6 0.745773 0.859978 0.269784 0.280044
4 0.587515 0.364010 0.182265 0.272594
3 0.522988 0.734488 0.380596 0.531023
3 0.215307 0.657466 0.088604 0.239460
3 0.105599 0.750411 0.211051 0.499177
6 0.252932 0.539409 0.505864 0.921181
3 0.827638 0.500000 0.344404 1.000000
3 0.503409 0.617050 0.346076 0.765900
1 0.543867 0.378327 0.095371 0.295763
3 0.178377 0.550546 0.356754 0.898908
3 0.144817 0.681110 0.289634 0.637779
6 0.853975 0.641877 0.290448 0.716246
6 0.672303 0.960253 0.115664 0.079494
6 0.316102 0.540069 0.361383 0.919862
4 0.699068 0.470552 0.466123 0.557486
6 0.698504 0.900986 0.181373 0.198028
6 0.824275 0.731032 0.351313 0.537936
6 0.764394 0.896604 0.237087 0.206793
1 0.223227 0.320212 0.446454 0.640423
0 0.334713 0.667314 0.449045 0.665373
6 0.882438 0.690753 0.235088 0.618494