6 0.729190 0.868786 0.193649 0.262429
6 0.758271 0.341568 0.351612 0.683137
6 0.745097 0.860683 0.265557 0.278634
3 0.246365 0.663185 0.100939 0.253115
6 0.688651 0.270798 0.335287 0.541597
3 0.819010 0.460584 0.361378 0.921167
4 0.586904 0.362979 0.183454 0.270030
3 0.111358 0.574424 0.221768 0.851152
3 0.116518 0.721123 0.233037 0.557755
1 0.544265 0.379411 0.096563 0.294200
6 0.759017 0.896092 0.242344 0.207817
6 0.837844 0.639751 0.322563 0.720499
3 0.697639 0.738474 0.254827 0.523052
1 0.553524 0.414732 0.120889 0.363807
4 0.703845 0.470098 0.452084 0.559011
3 0.553958 0.732188 0.417272 0.535623
6 0.673595 0.962874 0.113517 0.074252
1 0.222063 0.321246 0.444125 0.642492
6 0.605652 0.279416 0.450243 0.558832
6 0.880873 0.681746 0.238221 0.636507