3 0.109293 0.578018 0.217463 0.843964
3 0.095776 0.746291 0.191035 0.507417
6 0.728012 0.866115 0.197063 0.267770
6 0.286671 0.540565 0.417115 0.859147
6 0.746061 0.860041 0.271441 0.279917
6 0.687189 0.264204 0.339823 0.528407
6 0.758540 0.365649 0.351596 0.731297
3 0.158977 0.567886 0.317672 0.864229
4 0.585781 0.368274 0.187959 0.281512
3 0.811028 0.452008 0.377307 0.904016
6 0.201787 0.557865 0.403575 0.882446
3 0.537581 0.588564 0.475336 0.822872
1 0.541495 0.374483 0.095679 0.300398
3 0.469533 0.567437 0.349990 0.865126
6 0.829091 0.679061 0.340106 0.641879
3 0.692655 0.742201 0.262306 0.515598
1 0.222297 0.307551 0.444593 0.615103
0 0.333231 0.620009 0.492939 0.759982
4 0.623071 0.361116 0.220937 0.267687
4 0.681263 0.475026 0.460777 0.559745
6 0.672781 0.961398 0.115115 0.077204
6 0.763725 0.894857 0.238699 0.210287
3 0.503758 0.479586 0.282009 0.752530