6 0.729465 0.869391 0.192511 0.261218
3 0.109299 0.585104 0.217615 0.829792
3 0.116043 0.740445 0.232087 0.519109
6 0.746634 0.860209 0.268742 0.279583
6 0.694041 0.266180 0.323546 0.532361
6 0.779584 0.370689 0.398852 0.741378
4 0.587570 0.360616 0.182102 0.266219
3 0.830209 0.500000 0.339079 1.000000
3 0.237988 0.659351 0.103774 0.246447
1 0.545474 0.379332 0.099417 0.296318
6 0.832970 0.681754 0.332445 0.636492
3 0.555538 0.731297 0.427590 0.537406
5 0.485709 0.631070 0.233154 0.298138
4 0.703568 0.470580 0.459865 0.557761
6 0.882156 0.727473 0.235626 0.545055
1 0.223220 0.327957 0.446440 0.655913
1 0.554150 0.460019 0.125574 0.455870
6 0.764685 0.892942 0.239110 0.214116
6 0.252470 0.536299 0.503995 0.927401