3 0.118206 0.574154 0.235522 0.851692
6 0.732111 0.867162 0.195259 0.265676
3 0.113664 0.736198 0.227138 0.527605
6 0.745072 0.860118 0.267864 0.279765
6 0.263750 0.544481 0.492086 0.911037
6 0.771703 0.362244 0.395684 0.724488
6 0.703039 0.302895 0.306806 0.605790
4 0.588075 0.364798 0.182558 0.272440
3 0.822985 0.500000 0.353780 1.000000
1 0.541951 0.377179 0.092638 0.294953
6 0.178414 0.507332 0.355575 0.777681
6 0.839147 0.636995 0.320134 0.726010
0 0.336125 0.653465 0.472627 0.693070
4 0.701942 0.472331 0.461251 0.556387
6 0.820234 0.741647 0.359384 0.516707
6 0.763963 0.896498 0.237011 0.207004
6 0.607104 0.279080 0.425854 0.558161
6 0.671127 0.959432 0.114424 0.081136
1 0.222909 0.321608 0.445817 0.643217
6 0.480416 0.283635 0.483568 0.567269