6 0.779865 0.348878 0.400318 0.697757
6 0.728415 0.868376 0.195235 0.263248
6 0.678815 0.272099 0.358244 0.544198
6 0.746636 0.860401 0.267996 0.279198
3 0.109433 0.569584 0.218082 0.860832
4 0.588653 0.364258 0.179653 0.272703
3 0.106810 0.750289 0.213620 0.499422
3 0.827627 0.500000 0.344406 1.000000
6 0.730133 0.296712 0.355061 0.593424
3 0.540191 0.739077 0.403662 0.521847
1 0.543461 0.377875 0.094119 0.294784
6 0.255124 0.538904 0.510248 0.922193
6 0.854442 0.667721 0.289487 0.664557
3 0.502395 0.679763 0.334076 0.640475
6 0.826542 0.737351 0.346762 0.525297
6 0.673261 0.962079 0.112261 0.075841
6 0.698801 0.906096 0.174920 0.187808
4 0.696360 0.470948 0.451045 0.555513
3 0.690307 0.738388 0.272048 0.523225
1 0.222940 0.319373 0.445880 0.638746
6 0.883386 0.716789 0.233104 0.566421
6 0.764344 0.893787 0.238648 0.212426
3 0.529318 0.581438 0.386053 0.837124