6 0.729769 0.868653 0.192270 0.262694
3 0.243465 0.661123 0.100618 0.247835
6 0.746257 0.860078 0.265409 0.279845
6 0.781990 0.369475 0.399381 0.738951
6 0.687704 0.269083 0.327919 0.538166
3 0.110933 0.574568 0.220941 0.850864
4 0.588015 0.363064 0.180059 0.269313
3 0.117745 0.724952 0.235490 0.550095
3 0.829155 0.500000 0.341222 1.000000
1 0.544632 0.379767 0.095881 0.292646
6 0.834987 0.654629 0.328344 0.690742
4 0.700545 0.473538 0.447667 0.549630
3 0.553220 0.729514 0.430386 0.540971
6 0.672660 0.960313 0.112976 0.079374
6 0.764721 0.895497 0.236117 0.209006
6 0.597139 0.280682 0.440744 0.561363
5 0.481989 0.625331 0.241804 0.306932
3 0.698359 0.738050 0.254040 0.523900
1 0.222444 0.321486 0.444888 0.642972
6 0.881250 0.714463 0.237423 0.571075
1 0.554459 0.408344 0.120988 0.349437
6 0.697415 0.910081 0.170868 0.179838