3 0.133852 0.566847 0.266906 0.866306
6 0.749941 0.352361 0.344852 0.704723
6 0.732585 0.867480 0.194849 0.265041
6 0.746227 0.860490 0.268458 0.279020
6 0.682904 0.269884 0.345076 0.539767
4 0.587321 0.366025 0.183160 0.276811
6 0.257800 0.542892 0.504714 0.914215
3 0.826965 0.500000 0.345794 1.000000
3 0.114852 0.750928 0.229435 0.498145
1 0.542672 0.375798 0.095267 0.301111
6 0.304711 0.550560 0.363170 0.898880
6 0.851755 0.634855 0.294927 0.730290
6 0.758174 0.897739 0.243010 0.204523
3 0.156300 0.738576 0.312600 0.522848
6 0.671931 0.961987 0.116586 0.076026
0 0.343625 0.657939 0.466322 0.684122
3 0.095705 0.607516 0.190663 0.784968
4 0.698327 0.473714 0.461282 0.554358
3 0.200350 0.632639 0.091002 0.291954
6 0.698590 0.901229 0.183920 0.197541
6 0.824281 0.725036 0.351287 0.549929
1 0.223523 0.320650 0.447047 0.641300
3 0.490725 0.618131 0.366547 0.763738
3 0.808911 0.350144 0.381867 0.700287
3 0.688274 0.738750 0.274497 0.522500